2409
3481
3231
2892
2883
2317
2882
2881
2888
2887
2884
2303
2002
2891
3474
2454
2325
1216
2886
4938
2603
2801
1402
2880
2903
1101
2379
2436
2885
3702
2408
3682
5871
2618
2609
1303
6176
2634
2382
2890
2327
2834
2809
5880
3576
2610
2615
2474
2347
3019
2637
2049
1210
1536
2448
2337
5264
2301
2034
2915
9945
3044
1314
6505
8021
3673
6005
2377
2360
2311
1326
5534
2845
2354
6239
2201
2353
2506
6269
2357
3036
2206
2338
2412
3030
1718
1704
2498
4164
2385
1722
3005
6282
2912
2395
9917
2404
2367
6278
2913
2331
2812
2455
8011
2104
2456
1717
3686
2547
1313
5469
3008
2023
6192
6409
2439
2441
2476
2515
1457
8101
2841
2855
2820
9937
1802
2484
3026
2014
1304
2204
9910
2362
2504
2421
1455
2499
2402
4952
2617
2605
2486
2833
2022
1810
2451
2368
2015
3052
1227
1108
3703
8926
2472
8016
6166
1702
2481
1440
2323
5305
1714
3533
8114
2392
3605
1727
5608
4934
3406
9921
2460
3149
1229
2419
2028
1434
2501
6702
3706
3705
3055
2538
5434
3437
3047
2355
1308
4942
4532
1604
6202
6196
5522
1477
1907
2867
8210
2493
6197
1729
9136
2461
3033
3494
2316
8163
1447
2457
2103
9941
1905
3006
3038
2492
3028
1339
2535
2462
2911
3559
3042
2414
2431
3383
4108
2464
2388
2340
6226
1611
3532
3058
2459
6286
2923
6206
2477
1532
4919
2207
2108
9927
1203
2904
2612
3557
2401
2847
1541
2406
1437
2010
1217
2102
3573
6605
2101
5521
1582
3031
9942
3016
2520
1522
6189
3698
1806
9925
2437
1215
1460
2332
8105
3040
1762
2836
3376
2706
1720
1417
3041
3017
2380
2450
3061
1626
2027
5531
1234
8213
2704
3056
2420
3209
2369
2399
1225
4141
2328
3598
2851
4930
2485
1262
2227
4306
1104
3419
3584
1445
2009
1471
9943
2453
8131
1726
3015
3583
2608
5203
2545
3356
2374
1527
8411
1902
3454
5607
6136
3062
3607
1323
2527
2425
3588
1503
2607
4999
3579
2417
2114
9940
3002
4956
1709
1435
3679
5533
4935
1524
3023
2816
1231
2613
1513
2539
6183
1109
1808
1701
6205
3167
2705
6139
1219
9919
1451
1737
9939
3593
2832
1307
1521
1731
2006
4916
3229
1315
1614
2701
3164
2314
9938
1618
6177
1612
9924
2426
1452
2910
2029
4536
2115
5706
9905
6191
3025
3305
1467
1528
5519
1613
2514
1531
2351
8072
4104
6277
6414
2511
4144
4984
5225
2430
2478
1414
1506
1537
2008
2505
2509
2007
1616
9906
9908
1466
6224
2707
2597
2031
9930
2365
2838
5234
2483
9926
2373
2480
6108
1453
6281
6115
3504
2458
1110
8261
3638
3024
2413
1535
9918
1540
2908
1906
8103
8427
1730
6142
1615
1324
1432
6152
2405
3443
3130
5243
1783
3046
6128
2530
6133
1446
3545
5285
1735
1338
1409
3694
2516
6164
4133
2423
1603
1454
1608
1805
1538
1725
2731
6504
3029
8374
6201
2038
1464
1413
1470
9955
1436
1724
3617
2712
1519
1617
2702
9902
1721
3308
8201
9958
4755
2302
2465
3669
3315
4976
2546
1220
1233
6112
4119
5259
4722
2375
3501
1817
8033
1439
6235
3021
1441
1443
8404
3515
2528
4426
8940
4915
1201
2324
3037
2384
4904
1102
3045
2356
2105
2889
2823
2330
1605
9907
2371
2344
1736
2376
1319
3059
1590
2349
6257
2313
2393
5388
2329
8046
2352
1476
2534
2475
3048
2489
9904
3057
8215
6412
5907
4958
1312
9914
1789
3591
6116
3014
1309
6271
3035
1711
1504
3257
3450
3514
3519
9933
6285
2106
3535
1337
8110
2443
6215
2387
1507
2856
2312
8150
3189
2345
2308
9802
4906
6214
2383
8070
1707
6230
2606
2025
2614
3022
2024
2536
1463
3645
1301
2601
9946
2906
2390
2468
3665
1904
4960
8271
9934
2542
1733
1589
8422
1909
1310
2449
2208
1218
6213
1416
4142
1560
2495
3013
1533
1103
3034
3003
3010
2107
2059
5215
2488
6168
4526
5471
2030
8112
2109
9911
3653
8249
2359
2548
3032
6243
3043
3049
2361
8996
3380
3704
1786
6251
2428
1305
5280
4106
3060
9944
2017
3596
2467
2440
3027
3311
6216
3561
6131
6415
2611
4994
2363
2642
2342
2427
1232
6283
5269
1568
1734
9105
6165
2466
1708
1715
1530
4137
2231
6153
3622
6145
1459
3050
2852
2497
1723
1410
5484
1517
5906
1903
2433
2849
2305
1526
4746
2228
2723
2482
2062
4977
8429
1340
6120
2727
2358
4733
9935
2471
6184
6155
3518
2013
1514
1444
2032
2905
1423
2537
1465
6209
1419
5007
2415
1442
2020
1515
8081
4737
1773
2364
8039
2444
2850
1473
2543
1325
4414
3090
1235
1583
2033
2524
3054
2723
